producer_id,country,age,farm_size_ha,baseline_income_usd,endline_income_usd,baseline_quality_score,endline_quality_score,training_hours,technical_visits,adopted_practices
P001,Brazil,45,5.2,12000,18500,78,86,24,8,1
P002,Brazil,38,3.8,10500,16200,75,84,24,7,1
P003,Brazil,52,6.5,14000,19800,80,87,20,9,1
P004,Brazil,41,4.2,11200,12800,76,78,12,4,0
P005,Brazil,48,5.8,13500,20100,79,88,28,10,1
P006,Colombia,43,3.2,9500,14800,74,83,24,8,1
P007,Colombia,36,2.8,8200,13500,72,82,28,9,1
P008,Colombia,50,4.5,11000,15200,77,84,20,6,1
P009,Colombia,39,3.5,9800,11200,73,76,16,5,0
P010,Colombia,44,3.9,10200,15600,75,85,26,8,1
P011,Peru,47,2.5,7500,11800,70,80,24,7,1
P012,Peru,35,2.2,6800,10500,68,78,28,8,1
P013,Peru,51,3.1,8300,12200,72,81,22,6,1
P014,Peru,40,2.8,7200,8100,69,71,14,4,0
P015,Peru,45,2.9,7800,11900,71,82,26,9,1
P016,Honduras,49,2.0,6200,9800,67,78,24,7,1
P017,Honduras,37,1.8,5500,8900,65,76,28,8,1
P018,Honduras,53,2.4,6800,10200,69,80,22,6,1
P019,Honduras,42,2.1,6000,6800,66,69,12,3,0
P020,Honduras,46,2.3,6500,10100,68,79,26,9,1
P021,Brazil,39,4.5,11500,17200,77,85,24,8,1
P022,Brazil,44,5.0,12800,19500,79,87,26,9,1
P023,Colombia,41,3.4,9200,14100,73,82,24,7,1
P024,Colombia,38,3.1,8800,13800,74,83,26,8,1
P025,Peru,43,2.6,7600,11500,70,79,24,7,1
P026,Peru,36,2.3,6900,10800,69,80,28,8,1
P027,Honduras,48,2.2,6400,9900,68,78,24,7,1
P028,Honduras,40,1.9,5800,9200,66,77,26,8,1
P029,Brazil,46,5.5,13200,12900,78,79,14,4,0
P030,Colombia,39,3.3,9500,10200,74,76,16,5,0
